00:53:55 script compiled successfully.
Time:2015-07-10 00:54:07:446----------------------------------------------------
ThreadNum:	1
Runtimes:	1
Run steps:	1001
Faild count:	1
>>Step 1001: success:0, fail:1
    AVE:	10243.074000ms
    Min:	10243.074000ms
    Max:	10243.074000ms
    TotalTime:	10490.000000ms
End testing.



Time:2015-07-10 00:54:27:939----------------------------------------------------
ThreadNum:	1
Runtimes:	1
Run steps:	1001
Faild count:	1
>>Step 1001: success:0, fail:1
    AVE:	10144.121200ms
    Min:	10144.121200ms
    Max:	10144.121200ms
    TotalTime:	10144.000000ms
End testing.



